0.721970573533684
0.741974469811602
0.418139675541816
1.00377110470383
0.806808362646908
1.42474665972717
0.678468677747946
0.858932951880768
0.864356408593394
0.747759626979581
1.41955963277385
1.03207161116237
0.361783927891494
0.60301092355709
0.939671240790354
0.608696078927911
1.50255388981062
1.93202650861533
0.969747953573571
0.710579027631344
0.973783913094539
0.790551219104472
0.684168974872457
1.30719754972734
0.652493289951729
1.7833693799089
-0.158531189820342
1.11776764072454
0.936250893551474
1.39246103596891
0.641232740761702
0.144075830166202
1.60173629697939
1.54435535691217
0.98796763552323
0.812911668003285
1.01322415426173
1.54399765782943
0.492064822484085
0.655387723295519
0.609518592577062
1.34820123930406
0.989604227831623
1.39283037996679
1.67099919607781
0.932500324600987
1.1006352454385
0.75925777430949
1.08194571661257
0.995729568038962
0.901074682925872
1.14793761466744
0.953078443669547
1.50071997937558
1.39073842057913
1.37464984157912
1.13630133836296
1.34631003299366
0.397183833516159
0.700417605698116
1.21510590699701
0.565338035631386
0.974645811606761
0.593221610100223
0.994135474097298
0.606044076145509
0.958187226809618
0.826219438468435
0.943651585597895
0.935581512386146
0.669764992914085
1.41763921596193
0.681061623873881
1.60350941323584
1.0610472184973
0.969249303150225
1.16536836927232
0.556517682117044
0.740231121401638
1.55585204034898
0.80919112311008
0.366186439831418
0.865568424699151
0.830381469400499
0.657665937783761
1.20922517062518
1.08293725674487
1.79754524067506
1.08391589186479
1.11695387020177
1.1093926697676
1.39500428741719
0.961944520566481
1.61416029855707
1.45257561861611
1.21004828796662
1.3144918573974
1.58478049743589
0.938974941643603
1.06841552049707
0.62279669822554
1.45195857454475
0.593572314620446
1.17304638054128
0.526444733903541
0.992889149508188
0.916815663703506
1.73728772404808
0.756358513052652
1.34882394395366
0.786580875761105
1.34429908925919
0.997431191164659
1.17556706304259
1.37004516720644
1.03256372430584
1.63497511536369
1.28622993663764
0.584049084588108
0.827837918087596
0.519348147200117
0.784788127147217
1.09561607981407
1.32777138515466
0.486627481511129
0.895838159643695
1.02734060966829
0.747172331896709
0.79422174389538
0.769862985311748
0.861547342785118
1.24216063780741
1.05809559838804
0.987621619170423
0.968806928513934
1.05359072446413
0.665688668193898
0.567716945139364
1.77144738379
1.10202774303182
0.812751865144833
0.684985917133625
1.11939302320687
1.56616554651697
0.571285236892334
0.494731558615157
1.24002538715542
1.22908887485903
1.26253588860243
0.86874037421815
1.20441033615852
1.01300559917734
1.118923396302
0.0986766588083816
0.787013281525993
0.956580067701348
1.05937466307321
0.578773799274963
0.776946790170517
1.28893927314431
1.11473858360563
1.1487101513461
0.861615693146569
1.22049694718698
0.608945476695784
0.496306984528308
1.20831913130689
1.24821991813175
-0.0803084240905554
1.17039288617285
1.38833600012637
0.622491030260151
1.0958069312585
1.26652482572491
1.32748916629726
1.0045202496432
1.12548633008027
1.42560820913051
1.15058229570998
1.09265294299277
0.98102404333319
0.761928790123534
0.489137087705504
1.17886235720416
0.933976630565182
0.673968855305248
1.00010695481239
1.29480709767356
0.838774951747326
1.49418588697697
1.18498379409886
1.27302803954704
1.24245561697829
1.2902227640723
1.83136536331084
1.38090640128393
1.22092567714102
0.12342746171468
1.31810935183902
0.985386874779532
0.724680476470214
1.28206866498399
1.35970358930067
1.27377470680099
0.656621993947556
0.880446807929564
0.88421162145292
0.538447732021839
0.835818842463123
1.12561092869851
0.842884333786773
1.21634091570381
1.1655423538315
1.37928459075448
1.10578819475053
0.257764295920682
0.886462980916468
0.473029803306793
0.326244063303266
0.997172569458657
0.761111345067363
1.70615883846124
0.198489651043824
1.4691734709714
1.31709395365497
0.898464363469297
1.69132430716423
0.808677737780966
1.10945352325764
0.70264040336329
0.772100228306063
1.67493104807459
1.31114040469412
0.972486609788703
0.841829096101392
0.703581626829268
1.10920491591438
1.05831064264988
1.5790202213965
1.58611208494791
0.998285024522598
0.544513657912574
1.34723109661194
1.52210655502281
0.671301903712112
0.733834927857038
1.49639697035838
0.90608896215657
1.18060756274671
1.34301153079401
0.901383236191129
1.1253616492096
1.72818415864559
1.35951062821597
0.273546224133694
0.452986884018328
1.09843017614546
0.814872797939489
0.7595682467616
0.961221074019074
0.800847024579114
1.56086392397656
0.814759172401902
1.00960325160957
1.0963542723221
1.23277300902703
1.41192820030041
0.979403800137192
0.93148373262222
1.17002884088486
0.769639153922782
1.53198052244341
1.00480956648146
0.697644459709807
0.591834685289861
0.777182327755897
0.870188588904313
1.47907251724251
1.1142965260807
0.458035719642032
0.910798536372492
0.585223353936426
1.03228067421216
1.46790471471749
0.941531417714539
1.19375400141602
0.626796423252177
1.15714365317118
0.44930926979591
0.885422671015339
0.707049275688282
1.45433596448938
1.33745531146614
1.26702496035878
1.5681439318112
1.19850738739707
0.580830212125234
1.28079598632601
0.805071609094273
0.239990384250538
1.04683296232152
1.16036978854298
1.36177177335133
0.926920541502549
1.20536053105102
1.11687918328669
0.549246349834116
1.52742472576326
0.928057460403587
1.15723072436399
1.26382344569941
0.180852060153845
1.09118527880983
0.232526118716061
1.42641725423637
0.710314355021879
0.327192042674549
1.10991973748453
0.613812032430129
0.923932683074384
1.80133106368639
1.07052331066433
1.04090656706128
0.384999501636725
1.38430007522846
0.673733056079998
1.32907931036945
1.53147948130591
1.04480726133099
1.11928359005407
0.974480753845849
1.04693242157538
0.880723663237619
0.779297102124335
0.988059913767985
1.12065260583747
1.11483421714886
1.51514136612638
0.918907276260963
1.35936524540827
-0.162772527863879
0.255310299265054
0.954539503288465
1.31925113627098
0.396395413775369
1.31510175596746
0.472057740344273
1.23379163953635
1.38529082099614
0.954385368370987
1.3358096216701
1.29818341937034
1.26737490938157
0.746983551092913
0.471630453966258
1.27418089309823
1.36717545222555
0.690448406663084
1.13289540026822
1.08557135208425
1.48754600950052
0.91131532325351
1.0415431806363
1.13188856153339
1.05137068973596
0.951879024355255
1.03111237566316
1.16445278287691
0.884179455925389
1.13296510358701
0.896692763919434
0.978137758299057
0.675788857636038
1.23159833332422
0.932924728827317
0.705905069426508
1.85274163766953
0.990130844138563
1.75742191545336
1.03641623042681
1.31530550824674
0.724816595936154
1.08544508065001
1.0946215960118
1.03773839215879
1.71550234500232
1.06771128746344
1.56771045479344
0.623702623625401
1.16817095461211
0.869224207846837
1.54880708065642
1.34998186721964
1.1059524243579
1.22319123937413
0.602679189987692
0.559060632264705
1.01315275037834
1.33098694546941
1.62377765058334
0.888659654336461
1.17294918867443
0.848060157315692
1.91142095392878
0.425836642562288
0.323608660137027
1.28386537130165
0.524369485303352
1.12097729786792
0.420791215630522
0.847858578302381
1.35753933326049
0.775420388525726
0.885514331081043
1.12778096798974
0.419708959985501
0.799822421581906
1.19677989608064
0.741481467158154
1.23732976096902
0.58058737411406
1.08764645743286
0.698065065134775
0.957452197408528
1.2709158121442
0.96095597255639
1.34871684752772
0.605240684484537
1.28316980321755
1.03670587922437
1.21596537920211
0.926032695106678
0.77074365201468
1.43609729078645
1.02677199267599
1.16826522518623
0.255997129957545
1.45490716480354
0.788198828973687
0.678292947653649
0.95387183608412
0.179380029801601
0.457065387796889
0.74236182219898
0.88694187602038
1.9417664789357
1.2499773485013
1.20929363392504
0.883742734855176
1.74826637098954
1.15314629156348
0.327470405114442
0.794349635932801
0.741582478488985
0.65835628190073
1.08562472043405
0.790252409891937
0.885621753322648
0.253776899292258
1.26724683831846
0.980436391256728
0.539104608212919
1.14221786237677
1.16034983270308
1.15691752651872
0.933274850726634
0.6777083234029
0.909462919729223
0.835799137606585
0.812057716883063
0.869794740261356
0.690776334702039
0.729242351414288
1.20083612180943
1.01781225035278
0.78206353552527
1.6434614079376
1.66222484473323
1.02237230277916
0.82035813914761
0.790086585073007
1.02621317883091
0.745679848467208
1.16331274475382
0.86345502081984
1.07438514859771
1.26365632155915
1.33380983217542
0.996057864227862
0.849639171463014
0.68928225713017
0.969837001285416
1.1176817917271
0.62023034487825
0.787366165634936
1.27628105730267
0.338777772643597
0.844130240287932
1.50283836863479
0.85093878896504
1.23657980257383
1.83808214948373
0.935347550959371
1.1831784529297
1.53662726718291
0.951268862609364
1.0437741185611
0.655536399440338
0.938861585726844
1.19595949897853
0.264052285811705
1.06927955897806
0.60982282844661
1.14004801490824
1.37574217353155
0.771636807523904
1.01236090190347
1.53690016904192
0.950094580043712
1.4117247989739
0.907752991066333
0.710070057413804
0.794450208938589
0.973419935290154
0.392971561922575
0.660085071520945
0.970526620177245
1.14319366467077
1.0386526582665
1.01861686223975
1.03168526754538
0.723419684223909
1.21855748105301
0.602265994674643
1.05469057899624
0.983295981929208
1.41431366808458
1.00228143491359
1.28550723065969
-0.219688091612907
0.892894250815924
0.705953329172426
1.16521311390686
0.968034378504666
0.913128080273287
1.74602152420058
0.952362535917689
0.577783182048472
1.14399527992291
1.66370646171885
0.720666737879595
0.857814346287946
0.634761374656906
1.21262920823406
0.82336177427623
1.2862124034972
0.528983627906512
1.01451016574902
1.5292182530536
1.05809831649882
1.73222520985217
1.16802531666384
1.35091721136696
0.71930653175467
1.28316259206233
1.29976162222172
1.05044890500183
1.1722202382458
1.2794593104253
1.111259779288
0.397956150101156
0.803968537123676
0.95501832745577
1.09318009760008
1.53322902739656
1.14159830792038
1.11283124434453
1.51012922470884
0.0814254325351479
0.897383170339227
1.29880580093863
1.38205239796317
1.102612274886
0.453092088984406
0.913929269503184
1.25090799544266
1.09380453378691
0.607827160216309
0.798870723534507
1.4311728789543
1.00871586634089
0.94659907873986
1.19189861793148
1.13042856262899
0.693528119254323
0.391356640496739
0.932963731575779
0.925473104090226
1.5959265658572
1.36105071839583
1.27978107230172
1.4213918276862
1.67108292764581
1.05586082108833
0.601441418364631
1.49533431122581
0.882873306717559
1.41246961766395
1.32181206770606
1.13471570104938
0.855012986904607
1.23739764133671
1.40943466302892
0.505491340192189
1.06782052833935
1.03009352498471
1.88837384682578
1.0834148289782
1.14455530216796
0.889761784739519
1.12020912234589
0.676933465367085
1.00375977245262
1.17627746078808
0.777681437315293
1.52320228082154
1.39575581313862
1.53822769002876
0.274444628297014
1.11492507095837
1.05674073181446
1.77138583314455
0.581109137248981
1.21840315312248
1.5234519992172
0.703430252853124
1.59325959768074
0.231246533773485
1.2839553129707
0.677762684561465
0.938844901119201
1.23046045792585
1.24930688207619
1.22969063980872
0.819637593672008
0.466379146835749
0.991105429725095
1.37561067884877
0.227442374920308
0.394210001370104
0.831359487748938
0.844583250761148
0.506407068213465
0.889253620390226
1.43968726296534
1.47152812076431
0.824931554088121
0.901283013234908
0.217660823204774
0.867963189894229
1.31661168594418
0.8887785086096
1.31145007106711
1.0451112979339
0.563985233356268
0.686408607469352
1.06751241166042
1.11923521405172
0.871269102968951
1.04037314799085
0.830724391513318
0.869746005600645
1.19727436388895
1.1993780617974
0.726293119755063
1.03517141747963
0.975381180766932
1.24058824858375
0.779966148680695
1.50222103929397
0.445888290536542
1.18793425397463
0.914791635373807
1.41302040872939
0.669032511550179
0.467966401971186
1.04057129393176
0.852685542383817
2.34235593621567
1.46953929549935
1.59504971213079
0.982615609271921
0.396312063118067
1.21460498308225
1.02161988870688
0.712916248923988
0.901714328302898
1.02345073190437
1.03242732706991
1.36270043722783
1.054970934803
1.39162405019681
0.984650160381325
1.22394882141549
0.985792338995838
1.33901200623647
0.927606593001951
1.07852575027951
0.917659171317536
0.582662868197985
1.37939776278336
0.499149409478534
0.983768139626366
0.87717418879092
0.995410485652277
1.46102314455351
0.793782156870886
0.736970755561487
1.0341150849369
1.26558481694528
1.16337348400224
0.929892679637621
1.30211277997409
0.943353122353202
0.629188003020225
0.842611067615731
1.2343811782138
0.971253375166199
1.43372144363301
1.00046333427826
1.08278767132644
1.48919005489331
0.932554245844939
0.419352729137168
1.23063770825185
0.818672431209137
0.903789375248466
0.769129028744568
1.16552944968707
1.25416036607234
0.695629573295322
1.00594988123771
0.95604363444718
0.712800015213983
1.46902893992767
1.01426483473315
0.367334585095125
0.681433822177267
1.04390509635434
0.758521865656127
0.709189155744954
0.607448057779083
0.536591976189441
0.860648511957037
0.627737839889436
1.23658713181197
1.3359322693314
1.55797845546818
0.517932315010728
0.618409209290648
0.689781767766398
0.343701486446925
1.11470076148122
1.05458035447395
0.883618097638127
0.751790412017615
0.541236687403683
1.25781416958077
0.705231680933553
0.656940610474179
1.09577806061475
1.21549782834433
0.955844981837692
1.22224258055091
0.772197255959495
0.605493594521054
0.875498009450428
0.818787967091159
1.02760691945081
0.33212214518911
1.11802701632833
1.48287275668621
1.12325781066713
-0.0277301921970274
1.31700678044334
1.32097266098116
1.14159430376083
0.496315767173661
0.926537999659332
1.60226152331981
1.18684379225481
1.42124911326213
1.23250962945481
0.851019128526021
1.27454560960283
0.96493263695037
1.42774025399648
1.07168412169457
0.873501803136054
1.33785979274577
0.896942024735608
1.22880401565509
1.27412236171828
0.915220517002835
0.834027185034096
0.750249564333531
0.587898666195661
0.865582466337101
0.840663442180224
1.20343128736103
1.20135076753324
1.04450240450292
0.714959925890978
0.931072355326607
0.868380436492036
1.47761528924716
1.27501562851251
1.01715782150785
1.60848088582841
0.972102961180278
1.05246469818338
0.585564783120555
0.501783909898209
0.385575992110917
0.714679701100532
1.03103793000099
0.276917900749307
0.859270187094001
1.48029981530027
1.42568180881003
1.15967235208647
1.17923651247066
1.0084928129699
1.13727987060048
0.821384001701476
1.09543056027527
1.53384698853672
1.54374250712111
1.2642684071693
0.845688698615476
0.951621391150633
1.10204997251928
1.32095179524891
0.554213173584184
0.870093952467896
1.17722260110578
1.06738854361692
1.19650742731795
0.913219393910191
1.27861956407434
0.844526487845282
1.08066258773685
0.702955531470721
0.47161393991694
1.30681521510295
0.958203194201193
0.801889977584004
0.871672706868307
1.75154509561901
1.43270728907176
1.16753348644789
1.1245546345068
1.46459704492015
1.33671971972695
0.861878925372102
0.635910488778815
0.798079462724543
0.61238515114145
1.22471574714491
0.636165952988684
0.512473818628447
0.803332770764174
1.20415691438844
1.22552705177859
1.0219894083579
0.616752267031383
0.402854721340032
0.590415404235881
1.07924024949714
1.72833063269672
1.3559406598273
1.52945929835726
0.412955124718729
0.71324812093928
0.689262122922449
0.570752877304171
0.458858403700456
0.876163907355012
1.03875530395143
1.12061735823043
1.61222054456511
1.40385210588164
1.56059277949248
1.08085547672578
0.704249335395557
1.07170390827584
1.51805101067105
0.877747293200009
1.41491288146732
1.29651475405098
0.617773481405659
1.0351987264207
1.43274915417723
1.29269690785324
1.01176412495133
1.15326240902425
0.410591757691207
1.19422397916324
1.50641532688986
1.10660133402504
0.788270908502515
0.877898172125125
0.743962694397906
0.633451181722772
0.512096172321707
0.970759948011503
0.874407050714275
1.07882490849745
1.14112095944852
1.50928299331527
1.19775930363346
1.79222483247172
0.638682449990187
1.27473670537226
0.621926317857314
1.18158208047233
0.622095101776601
1.23935618800834
1.18800471037789
1.01474318507142
1.29884302321278
1.02708619167743
1.03975505328582
0.279537113629508
1.03718849736975
1.06084832264191
1.0222315806612
1.32067980668832
1.2784626331757
0.958296591888253
0.370321687270071
1.31034799075701
0.75929219862725
1.24129056162562
0.943251598431491
1.64192538674303
0.771250734214213
0.172735755342633
1.29812801949658
0.720154638754604
0.916650956814555
0.448512206390251
1.38436488694034
1.25425427389092
1.31186048687219
1.27506224616547
1.082555613934
0.667392175619813
0.865231140493432
1.44558746866287
1.02680893048634
1.17055737073123
0.945542082335351
1.31013522754739
1.39529732804175
0.361482335223376
0.945982724226305
1.00278308558479
0.534255530593896
1.08133756474161
1.28149152018492
0.791259041191245
0.710665458706822
1.09157214405281
0.954392638014865
0.738292088233465
1.02323630532269
0.846920672324855
0.995522130167267
1.13857141770736
0.754900378315143
1.0255051081358
0.963215063311172
0.621973692414811
1.27317158336695
1.00504321613724
0.995196932714293
1.83648157410326
1.41216282349605
1.03710831499703
0.800037318553038
1.56021290673933
0.885372691317868
1.04583178453563
1.02301347225049
0.506671590827671
1.29778523615628
1.67558590020382
1.32502023442866
1.13840553674074
0.79234188171234
0.833187451406386
1.21978571447959
0.848737532572196
0.959061808350275
0.782339486512641
0.827695554063647
1.35089983719769
1.5244342861
1.60861260151077
0.957743166120288
1.32425851507318
1.11729730814191
0.774702649660331
1.05862856969183
0.589881158455947
0.730603250743548
0.261725738927863
0.760654189750201
0.854039978313033
0.584753114733901
0.883766261832532
0.668393647408661
0.512550872597442
0.817447397060811
1.01580991757718
1.06507606663631
1.33771747157941
0.529715210363932
0.499797546989162
1.11983559442085
0.651013431187741
1.2670997928931
1.03885343154114
1.28407560899549
0.768318072316911
0.87151250982707
0.60513252429298
1.02592321534222
1.05746413959271
1.27574079814226
0.295627869748525
0.728638172759557
0.926290809788986
0.343273310592899
0.454690294558975
0.770514149429206
1.6306027811924
1.65445759739471
1.01453814591495
1.7225396534693
1.44576172926972
1.08585403328214
1.41650635709933
0.695933410211034
0.468833587464331
0.611120491914452
0.796934534257049
0.985407779623273
0.915100605261149
1.44143327476715
1.18646622948682
1.22841250114715
0.595935217038565
0.684239812208296
1.4039522667092
0.580895355799046
1.14037979508783
0.449177244327272
1.4835029855842
1.5470759101199
1.38934993263625
0.858261432300015
0.747773225964689
1.33563249073897
0.497882383031396
0.697799045121124
1.37601606040404
0.82932163181814
0.706039308824188
1.25390243210533
0.423696839009325
1.07809871119179
0.672092710271691
1.04681553817757
1.04948008895628
0.844259263765163
1.09909884761131
0.996484754399495
1.8351674919475
0.843784420093822
1.06440431931987
0.769390189086545
1.37832987502384
0.704542736195552
1.47323202049291
0.757085407638551
1.61326946322134
1.00578391394595
1.44257793705148
1.24936056384736
0.154818759191567
0.435041390032463
1.11474017213764
1.08358275628142
0.931089776953294
1.44524837069951
0.874798364344933
0.851871457420873
0.658134401376535
0.916658871478393
1.14270971459856
1.03157935824865
0.840499545508975
0.944139051965456
0.682456755241451
1.00222630968974
0.926801903175313
1.06793197539765
1.76755215301858
0.40331944018113
2.08999718450255
0.672127997212737
1.28450560827266
1.7265749422544
0.846372792212579
0.391046461236399
0.488430929407739
0.559352638414163
0.415439447040155
1.05817769386683
1.52799663430964
0.066678667569311
0.883851224953049
0.782833055948865
1.71770179175393
1.02145271987054
1.57481517545028
1.28940784441896
1.34450020695814
0.813196563216263
0.830259875815193
1.53078776838815
1.11710270531927
1.24248875528375
0.392278395983827
1.80935188315489
0.200929462244651
0.866040760961125
1.28911657010595
0.802051995172046
0.490720624718169
0.65415072355243
1.49021137519583
1.19827907861548
1.05292142083666
1.20808387603444
0.719241625118393
1.8243262474536
1.37223112813011
1.14029741807207
0.576080870975262
0.75652770303346
0.969942167084273
1.0721005444709
0.316290400084706
1.40440278657821
0.727764610557901
1.32422561179689
1.15173962175675
1.35673966973364
0.588473459946737
0.570532529948342
0.889441809021218
1.03980475343298
0.93047154773587
1.37070780020006
1.39193031875227
1.0120727456791
0.879666755530298
0.893460745478652
1.21861154033875
0.659542714864889
0.982870863842769
1.1603620296619
0.175842171503646
0.930825829300076
1.01332569897702
1.0970564377152
1.20802918453069
-0.0590044104500909
0.610745423072355
0.43857593946515
1.68954115687144
0.95082665034002
0.432188242965892
1.78039883099411
1.02639000823013
1.23467801619068
1.15096985802143
1.13538692394226
1.2758116529689
1.08110898035761
0.217047473694402
0.55634368134795
1.55289013500089
1.1191789648801
0.966037161377979
0.84722286604278
0.757286482264611
0.956440952080369
0.969074257614612
1.35798509713442
0.726712292724134
1.45096097780836
0.244491283414949
1.20942995373844
0.262188070322033
1.06624943653591
0.990299196164354
0.943736907817963
1.22747845027069
1.71614110000175
0.64391828414119
0.544472062378424
0.788046436455748
1.13845045351554
0.742966556537852
0.932179649599331
0.803226936085429
0.964948056489074
0.77703996180781
0.623295489199454
1.29386620936799
0.994776629731709
1.13626085402903
0.850114107393584
1.47213887518411
1.25225194003662
0.29134388441771
0.822371378255956
1.21804066388442
1.2822890059363
1.18240276945764
1.09406444016967
1.22448670117081
0.745672280406046
0.92569747462013
0.879111334997243
0.871807391508542
1.20478043427798
0.908500304503954
0.718964950202713
0.956995475270603
0.638491996181581
0.499299054305726
1.07541662040617
0.637237017615085
0.978249394328236
1.3933821810264
1.10819886528258
1.11987633899315
0.971875948033088
0.332993742202373
0.626644830126304
0.310614423115997
0.904229679560234
0.582938763873822
0.272150357722509
1.64158341715752
1.25792693102193
1.89177312246738
0.824164678406312
1.65687363915829
0.768942611370049
1.13427333923734
0.383031077285645
0.795732011628992
1.22987519780997
2.18290652794887
0.62135430825787
1.09896426020145
0.808832429391148
1.07035799620901
0.744488462411103
1.02677156373843
0.966784340479652
1.25221721781293
1.41795835661636
1.35037451832957
0.57554737191425
0.707597877257544
0.927497919512484
1.13709507741731
1.60759252933716
1.56110068776045
0.583031366249899
1.40483117627354
0.563313650949985
1.4782422364376
0.492765275017366
1.17639529524878
0.403824192597372
0.590214078376634
0.887424592955693
1.00876374323556
0.954803765438951
0.840749279160926
0.824130749490202
1.17601910233388
0.62946303608232
0.836817102061555
0.83395280712655
0.704613012669909
1.390076805798
0.900646424591516
0.853622232435326
0.780164364878435
0.65437246436425
0.958925441772177
1.18375134123172
0.657620588579401
1.48329746402343
1.10575305962003
1.02685353031015
0.661130612992384
0.990123275105484
0.563497439419582
1.22754463063355
1.11532998647852
1.00756052865451
1.41203233472036
0.756515194386145
1.18346596241195
0.73294759733908
1.12561344275797
1.09441239537075
0.832687281810586
1.42436864117415
0.595535706293124
0.767631915478262
0.773855907751183
1.0325695433003
1.09357322971469
1.37845055045325
1.20237915389874
0.425307457584419
0.50028944712005
1.22253588208775
1.35091942492489
0.793004616870986
0.55976214570761
1.20105944250145
0.95969158387924
0.931435188412519
1.34855855480607
1.30590168907178
0.807013221723159
0.83420393606976
0.695900563427388
0.962170078355084
0.297220463793716
1.07734916333215
0.991289057496056
0.941276072889371
1.32436413011322
0.920009258459932
0.699244732865262
1.17656346010164
1.42351294924538
0.669215917591976
1.43855532249926
0.586593982599906
1.63038748646878
1.16046944286849
1.10508926074273
1.04556782805661
0.571306585252144
1.24548338131402
1.20428587789454
1.19799949209851
1.14025501377196
0.892406615398958
0.708259749330722
1.49210249365807
1.45707415999888
0.49799245197666
0.90139807817463
1.24479493715238
0.75989579140319
1.66644281404494
0.927830685684391
1.71440467857316
1.32112024230272
1.41146890140962
0.920228727898745
0.370283259908602
0.359421575085348
1.63705884110918
0.826412436217069
0.477879079905383
1.0933360700265
1.06187134435599
1.26713932230993
1.52318480877724
1.07481904074209
1.10815166362365
0.799770651821524
1.2516809483294
1.40663721491536
1.37241243880778
0.347064707487285
0.932415604798103
0.505832071424963
0.580056300529519
1.03767360061591
0.919580053409747
0.885343831227914
1.09231928514634
1.38729710279095
1.09073410340749
0.827486571567571
1.41340021048931
1.28096817853356
0.87031209338594
0.324278431856036
0.837108228277306
1.84598499236302
0.952958311765509
0.987843730998596
1.07215126194277
0.620267870975817
1.39902010529966
1.26660915847116
0.421609414276265
0.824445366875841
0.743556763767083
0.909781801723567
0.540270412592117
0.196793096118757
1.18223752154373
1.29624795569366
0.868390025387727
1.30996755780161
0.739333543976058
0.969808179729794
0.964141238217564
1.09417250069187
0.447098891622139
0.837273042700957
0.159127158215594
1.16217961836594
0.407380594116949
0.962112091603095
1.4462575099496
1.04481586805708
0.879484550063976
1.85338902306807
1.80976086156377
1.16755389021678
1.1485316995204
1.38430252039988
1.01000475090761
0.566643988991422
0.351398520747443
1.29777710595884
1.12904579159159
1.38071496468417
1.42661251780932
1.45972058632369
0.525699548337713
0.791879178683685
0.879573635455307
0.6356570592372
1.1494366674321
1.35991316003861
0.928812466507608
1.1290676261731
0.81794702836391
0.869411708943042
0.735972983377909
0.786330801575483
1.17019826390282
1.07053954622797
1.29689055489776
1.12490588546352
0.979315489188539
1.57712735895559
0.981082371361493
0.984105119938211
1.05801883812113
0.734427742359294
0.752000366992453
0.564538460658596
1.23925006714054
1.65375101843195
1.64181353845053
0.748704731197062
1.17598564735448
0.859228061237141
0.571533893998682
0.349771125416535
0.813191727288426
1.44428192363238
1.32460369340104
0.972939361108851
0.732692640810389
1.01098394928689
1.79204769932115
1.14773251285815
1.38100032202132
0.24669027079845
1.69937573192287
0.724326968499777
1.27733693319132
0.918386997075841
0.938653571774466
1.03578411154318
0.477165541165994
0.895683509714671
0.363468723844569
0.842710682297579
0.502267567247012
1.47732811490481
0.949880207763034
1.11254634417279
0.523315241975621
0.763595400986429
0.951358634638424
0.915235406759243
1.1517982939712
0.775472280991672
0.987381735744506
1.58076318052126
0.966442749845701
1.34029602385898
1.33648915191386
1.06117935785773
0.671573498471294
1.0699474087881
1.8360508239408
0.653259541607714
0.366382415001306
1.04784657795305
1.49767982357709
0.793457632260954
1.70745404492967
0.170890984145271
