0.597029693837129
1.18147862458397
1.29519093269842
0.876907634573314
0.436468514741863
1.00743074464391
1.26691365340936
0.901511628280021
1.18117305028519
0.935290263074706
1.05610191971652
1.72900625111554
1.28990114932261
0.827580932910856
0.988538778480515
1.19988285597215
0.515224790291222
1.10152685763305
0.900398787172909
1.02284189889405
0.459104903645429
1.02574078187244
1.45592270777279
0.867076182806436
0.849433602675269
0.801772460388731
2.07379061078964
0.699904464664595
0.94294451642354
1.75862805570768
1.38138913336467
1.05113414338594
1.53179190701777
1.04444375984546
0.496949413766751
1.10834701751465
1.0235829960858
0.832156336675
1.22264157904798
1.23750895449994
0.79661740144293
1.03073755331857
0.688460059278846
0.738601123520708
0.338391919207644
1.04242714341443
0.667010658782046
0.8516021043248
0.70316129326243
0.872218518283012
0.549878292477159
0.399852655569414
1.04950005716443
0.906226738232968
0.947279449371151
0.419896802039419
0.120413491668393
1.29493698521701
0.927477136958601
0.946045966427026
-0.0745315556625918
0.830147056698194
1.18193833391944
1.20662227876475
1.09964260066863
1.36888575537571
1.33749061321169
0.925358283436456
1.03719946017508
1.25239835500833
0.911098782300785
1.37954216579749
0.525668525792785
0.142447154878939
1.19016301421143
1.26835805603662
1.16377768698992
0.655189532391042
1.60947869816913
1.15634084758449
1.42343404776766
1.52689686608141
0.757087677182692
1.24964756680411
1.51928154418819
0.839467885888713
1.036237102235
1.01074744302809
1.02978580787496
0.998003124430233
0.823788819937388
0.892379937477546
1.66622015126993
0.638073874743808
0.741093991926913
1.1036176309024
0.979736760983678
1.67556294490779
1.5068811770115
1.20162554460793
0.676461987503106
1.22371732285024
0.985049042379907
1.19629646611881
0.713038398578384
1.08530840262921
0.526773991676228
0.821074857020193
0.269004061198445
1.09098261118572
1.36196604900431
1.26045263422295
0.792392292914837
0.905488498839763
0.420662375830427
1.33454987684296
0.730159683503359
1.27191786750157
1.16355393319622
1.02763854412927
1.16930884870697
0.882487984544555
0.897880874699255
1.1043170192628
0.631000107168529
0.204535973859926
0.870257981374313
1.95976686151962
0.97716767310643
0.627571850201589
1.51338003098807
0.684322653031786
1.06840202463266
1.30168501717022
0.80633962329209
0.649339336718555
1.20529501551153
1.36502926308034
1.24648685718568
0.854904181702402
0.87584822255074
1.30808113138241
0.740829361704964
0.585044547342842
0.576732247521673
1.15354788200044
1.17868810001256
1.03701447383018
0.936392680368252
0.58290762694921
1.50871026306586
0.988822004055803
1.15474282373427
0.923978885262993
0.749990400304144
0.554543918099113
0.254633288203825
0.490797815170106
1.02845923734261
1.13489620213389
1.37179710639161
0.520530878893198
0.815840190629979
1.50349561209783
1.48138984224362
0.638927509312178
1.17650396632019
1.43931050459245
1.00657136247993
1.18830608692968
0.960672730546568
0.548233430699522
0.996281786031861
0.94003835525809
0.777358365331561
0.932656263647173
1.35544415509164
1.1348987430384
1.08765388662034
0.877197469410337
1.28314959093198
0.778658792379734
1.15800578792855
0.842285488390458
0.444830539628927
1.4158380444498
1.70112912731659
1.2034269122223
1.51507117781607
0.68335638035292
1.30277954588276
1.05694447321999
1.04009400663211
0.193552239375322
1.20531338950341
1.17913299624768
0.854934056935625
0.362090533616656
1.68447189610454
0.543310857284199
1.1527995484426
1.23513088407607
0.832152582214806
0.834915642713832
0.759131607001192
0.769369005241778
0.956720686556784
1.16841561000814
0.767234417806846
1.48439532031962
0.218031845047966
0.128209524148259
0.353397827585933
1.47980511456124
1.01567498540441
1.09507034424854
0.716355449436443
0.575321295274998
0.803476247130452
0.777485156759261
0.491935506980682
1.03213231309657
1.10876630626754
1.15264888797105
1.38988089449198
1.05636532773818
1.03496246304583
0.720338600753891
0.922333230220345
0.758088500748523
0.245508005320887
1.13850720569372
1.38398170861641
0.630536500710449
1.40459492809079
0.545146589986346
0.88767410598638
1.25160494540005
0.348258426567867
1.15757525607303
0.731582905186408
1.1491726475753
0.0359445053416806
0.660016863649146
1.03783492726233
1.05497946711667
0.791833818357226
0.856255069322382
0.748816356967455
0.862865796245659
0.235759845596829
0.56325710994089
1.5066062652612
1.6763248891224
1.32163633976973
1.26451764702618
0.796031917805544
1.32030316654411
1.67999447328502
0.282759558619903
1.39117615314074
0.861522421188796
1.05860870264509
1.17780206275069
0.640478307096837
1.29723142782634
1.20100049885817
1.11515515434472
0.541859738027109
0.922883601017165
1.33253002812145
1.04065547633937
0.583862373779644
1.37928058562236
1.18596463470132
1.36507324039035
1.19101931837836
0.973240172861449
0.97595186367434
0.939023002813102
1.46434489225143
1.72003474777771
1.1442195707269
1.13676473961057
1.25721431571389
1.04352627089899
1.08007384594618
0.65430397067545
0.881156977310325
1.64537630470117
1.22687061900225
0.912784492709303
1.03779460470183
0.888023240866753
0.752772531126832
1.0084185437859
1.0457225933365
0.660462705995493
0.918444932412489
0.519704466850634
1.1328368336255
0.757966010067279
0.931978611034521
0.832124728596081
1.29366402975874
1.61443249555656
0.371408925260828
0.936118668228135
0.811893665180341
0.832933419263067
0.978404917807932
0.915622496332211
0.98143350252981
0.763696763160351
1.37105585837387
0.826200148308758
0.820847694867449
0.581939766136956
1.29567335589225
1.10599780726121
1.12015616785379
1.42055608283295
0.783678825558873
1.09898707832277
1.42148302147916
1.46236046999603
0.912055982587732
1.08014048789252
0.730278964369187
1.04108854023816
1.3318463983133
1.28756023907776
0.930843650039183
1.23117994204535
0.950466203473392
1.11392760892485
1.24528956844133
1.06066833497703
0.934991591576514
1.30606514946159
1.32866996602618
1.07016164398802
0.943048701764926
1.15941918956379
0.761922088267068
0.964958413248992
0.978692685038864
0.929407743339461
0.599996878828446
0.599446190976475
1.34800053872269
1.42917055386741
0.913223651160247
0.834317593238132
0.794915445592453
1.21369841910886
0.764613003311516
2.00797326296858
0.939962578460779
0.558798293529996
0.665791274733537
1.0892190413509
0.278847665476423
0.787965443271423
1.136450120691
1.23503449156442
1.65913731463919
1.24070069501235
0.723424478751521
0.966104784265091
1.26973292878886
0.725170446432692
0.868401767052798
0.922936441147057
0.657654711770687
0.87276351488907
0.436873179960395
1.21274826379319
0.87308200974491
0.787539532746233
0.825884358075223
0.630267394151184
2.04766935584323
1.04941410128298
0.750658317937936
0.857596158281399
1.03152235579731
0.519632033870594
0.67770387301313
0.987725039213306
1.49757355538448
0.897530181584237
1.32692389775491
0.942076195911867
1.03801470205311
0.556773801331001
0.358953608241262
1.10068030435127
0.478428725306957
1.36702005890572
0.932023219213343
1.45949273252359
1.42759980174938
1.02058550845216
0.436470546146708
0.476103032919129
0.883062285365399
1.28260312952239
1.13676868068401
0.730198928383926
1.3159362494257
0.942352318075897
1.19567272486759
0.909960261483966
0.652830062247801
0.804451674132315
1.59853179861066
1.08709221393622
1.02848108646956
1.14207138486194
1.19112652753146
0.334004062801469
1.27144557651488
0.533675939157556
0.806895133347332
1.00132275904353
1.13473414604666
0.833531164656765
1.82645121588263
1.00075449333196
0.689764562251817
1.54085186396707
0.907150721944361
0.22753272743854
0.972683650144696
1.03450015876413
0.686436886425224
0.440535582443484
0.304186947079484
0.993306252223142
1.44297817009717
1.11139518586169
1.45306113605179
0.674418602928329
1.41956369553356
0.462567967668404
1.1233198183516
1.08402446780192
0.710120851883734
0.714968461371539
1.354356598956
0.596609991450949
0.841224325472009
0.679236747940494
1.04998740892452
0.730663093251601
1.17323630348873
0.753660776030075
0.702622282349424
0.713326352303821
1.18103558152355
1.1562352062764
0.981794873077876
1.03480893100568
1.55247484712378
0.931087775538192
0.855077356717593
1.53521473687717
0.218936431160953
0.872943958034005
1.72042458351504
1.25426718354649
0.936657254678349
1.22181557910239
1.7513999843162
1.16908570560604
1.27796198023568
1.63793642722948
0.471357961294993
0.959258105984246
1.23321705261251
1.26675180602029
1.02830634302535
0.864618211984441
1.0523102764563
1.1560353083217
0.896724095508298
1.1604432422325
0.859890993330971
1.15990180932118
1.25828394038293
0.646349982158259
1.32884024981681
0.795284763559771
1.0765731614641
1.23538833763227
1.58015963157881
1.21509402808617
1.32174905854974
0.633741125619158
0.20538468008846
1.10097218423649
0.874472891778553
0.971696272735108
0.963710291528829
1.67478009994673
1.02072704435366
1.65910331235006
0.80767017720569
0.984261194415738
0.794585611298691
1.09396693610136
0.593012121877182
1.47995297012822
1.76916128667466
1.18634545395855
1.18004373881328
1.21959855167023
0.61516942436938
1.52779536263908
0.831353009058875
0.942067362762254
1.04213608349466
0.889761359459054
0.878064885795337
1.27467651265146
0.5287910390808
0.833283390484219
1.13828894529258
1.36640353613491
0.707026074802087
0.797030947989638
0.916817973656799
1.01455171011961
1.06889076957235
1.18427445799834
0.79032877074468
1.06745673086525
0.386719444149439
1.2174742957295
0.655887317624819
0.965272391151585
0.3422321091133
1.48760454116363
1.08186150560045
1.3803728983181
0.226780246543805
0.26640548715557
1.1709439923174
1.60660435888396
1.42173595310995
1.18131144778423
0.885987900325102
0.844963805762944
1.038357318308
0.658103946582004
1.41922811170577
0.9392865203976
0.463203933597441
1.15040821608931
1.19838988160884
0.512155882004381
1.07062530379947
1.09909696708136
0.510150804241705
1.34155859332958
0.617264088348739
0.974481061897291
1.32009801790033
0.975172466212356
0.825253877549764
0.855890711988273
1.15494817999682
0.559374250054406
0.843159774472709
0.92704104523006
0.899666796397498
1.03397831897454
1.08545961252099
0.809601901280667
0.995325359329356
1.3104210370338
1.30290294759672
1.23181771798472
0.994907388038044
0.486583084479394
1.40454142576172
0.888271988121081
1.02655245704642
1.59168244772907
1.27646553457678
1.27327816777828
0.599698229767858
0.87076291765953
0.68374931537489
0.833145398935453
0.635469133915705
1.00420040006154
0.810925859150113
0.780906789110516
1.60029560728113
1.00782274079521
0.546985729038794
1.26128409207033
1.00471781131666
0.665705803887671
0.475282168576434
0.553465812346812
1.1303434125009
1.47291197567649
0.730289814043846
1.57650974855489
1.17485988519188
0.850236573825695
1.27546558051019
1.4742334248837
1.03748093867957
1.63722526045127
1.59852021369085
1.40742968028116
0.835042458894961
1.10876551989589
0.766148981023939
1.12876913877323
0.296735824092568
1.45511856914561
1.50662370228812
1.74478733061879
0.945166523493622
0.291209383701584
0.94014570310544
1.25421652232861
1.29176718644773
1.32398768014018
0.884495954526787
0.917807232621325
1.09005219704157
1.17828266881501
0.994436005048339
1.05187643390616
1.13734499244443
0.573001787495754
1.42726449017905
1.27377595323483
0.893806213958638
1.17389167675015
1.72567729925878
1.12207175944431
0.989570925132073
0.900235451863772
1.66773793878416
1.33618000844813
1.24456823536949
1.22981909666036
1.48863612956674
1.34864874533011
1.0915978830894
1.42558382179647
1.02212751269479
0.917105967810607
1.43655071272481
1.02861265326758
0.627148691142804
0.861574302561269
1.28359340976844
1.23353522433587
1.3892674647593
1.16921340007778
0.817725035040206
0.895289142053373
1.69505096344578
1.15313437483707
0.252667376329696
0.690388033665635
1.27867814472662
2.06575280752009
0.910358150836017
0.990534189349802
0.76895550992519
1.14312985105349
1.47575042080174
1.24996171918697
1.23742199190543
0.919266365211274
0.680570323420494
0.636593366305022
1.25307357130754
0.872154383529294
1.01373720796174
1.2669967677058
1.06858979990544
0.550629830837004
0.931212251204159
1.2886092128063
0.859676057197765
1.44493265042671
1.50845120707331
0.389103982998619
1.12682922635994
1.4727976227712
1.05116334013385
0.528674043413371
1.22715712697221
0.606070245919922
1.10480921090696
0.834681593210577
1.54760472617531
1.40523386824588
1.14274456796569
0.733076865417795
1.56907114225022
0.656570848693295
0.997735717092509
0.795360472168602
0.363059253170668
0.966764653767159
0.83151071049252
1.2478211047854
1.36505105305227
0.749052315423519
1.40023475152203
0.766039136895763
1.12477959505836
0.528992082843383
0.792735951789453
1.40027643937661
1.11699828165102
0.833371125988767
1.17753943255365
1.32715964307725
1.52050246140376
1.00401161161442
1.17541133258308
1.25930144253073
1.47881803812458
1.38954782908167
1.22259350517929
0.630600863534519
0.835490762876092
0.148955931319552
0.463168292414683
1.03006160240147
0.104628425380459
1.65407083489954
0.720703979168618
1.35231928914051
0.313777929814963
1.29217622594773
1.48531491887432
1.07756017872826
0.672941035555028
0.693270102312905
0.560524626155787
1.29955649822056
1.0446917938993
0.462968765156476
1.1278021813137
0.679039621456534
1.00582170546154
0.852224760106147
0.748105624918543
0.373986041091026
0.817577879443386
0.783086234697324
0.799981476040773
1.34874876608369
0.610862640495078
0.62225501147777
0.910754203060289
1.00847458552644
1.15965088535023
1.26726680202233
1.41377220242234
0.890719290401385
0.239349453510174
1.56326998985932
0.783479001568006
0.929707794998871
1.12633706693382
1.05877340533932
1.10473544677932
1.00281799516017
1.96321520616119
0.882456622482711
1.04191009620896
1.4322668233828
0.848283782969213
1.04248293893122
1.06592990853933
1.15553861018108
1.44608716952523
0.584917725945202
1.00699124803066
0.912118360312524
1.11986561332724
1.22903675532239
1.09745570078248
0.83117361838232
1.10100066695425
1.13485662140338
0.805876440392474
0.189003361583918
0.696524781053252
1.08963686484169
1.41492454450915
0.811674385798018
0.68592009201846
0.738191871339278
1.42694824790418
0.431729147506069
0.68879553038466
1.72945218966462
0.994767484103928
0.337439931488206
1.23935177956752
0.487592745638982
0.764069298448292
0.899896037808134
0.974172318948088
0.689691403812825
1.03939847814715
0.693111546690469
1.09976428327382
1.26439928644597
0.693657531585987
1.0644071850339
0.963288993822086
1.03504760048612
1.11556598895996
1.10340470802035
1.35949155731813
1.24711454958949
1.15779661261245
0.708910955101505
1.07776843860952
1.04860888286846
0.874912453428673
1.08947027684362
0.749315751552546
1.15166415183714
1.36863291740981
0.736478954077562
1.31802634468704
1.31619594077979
1.84246450789745
0.698546282947119
1.11169828206731
1.08192304530821
0.47787707398158
1.11800559985747
1.06929670060311
1.04333323561024
0.75735661542196
0.645883824593715
0.692540391850605
1.01613548432409
0.806104571333061
0.559243042242172
0.698950160637487
0.681974725041304
1.05866313320693
1.23587540202678
0.941503834962162
0.897580557258843
1.05712392999544
0.890656159003564
1.04655633001311
0.959821890234809
0.632409857933502
1.14891821519376
0.638430826684597
1.13514583182972
0.454603561558291
0.793680280942
1.01093572557724
0.874146647078653
1.56797710217018
1.61173945871963
0.677120952407849
1.18614961606566
1.58422301137176
1.58744998862903
1.5916228646499
0.194189164891033
0.596564404109434
1.39722537540657
0.730438362200269
0.443600017452731
0.883214242543984
0.995260833573488
0.842117841274417
1.61827821580478
1.44524147244718
0.706551956347469
0.767498589199732
1.08908875416266
1.00487408523176
0.771238809108791
1.66394990394868
1.43767031505536
1.20610865452849
0.962263460844655
0.842605257945816
1.2579658041093
0.891558551007621
1.94000544897352
1.27894025599657
0.831693317957322
1.00396162153322
0.957862284654952
1.19036399926061
1.03051779192734
0.327302321857072
0.408617878147521
0.600302455609413
1.54061413929531
0.773568161093369
1.17354558706814
0.914551943079106
1.29254791072612
1.34748120551233
0.597109447146594
1.16942841262883
1.2523414420502
1.36894208216999
1.34898249582375
0.217445256581749
1.1824770831588
1.37918033802328
0.20526318267788
0.337395724019201
1.54842678482301
0.785575470278082
0.656834351207351
1.26577644898087
0.825696355189419
0.836840625684664
0.115922896048102
0.823950775700447
0.286460995758658
0.763869996374852
-0.00800722071196103
1.17032681227638
1.23497986587851
0.770148543478593
2.20592183726527
0.561899168471508
1.47429612691252
0.905673936245388
0.933776538650065
0.19145032170204
0.828828247370954
0.818334264825091
0.96159328751707
0.97749172049611
0.283198475857614
0.751150420176878
0.587340798760785
0.730790464842294
1.48019547540679
0.608766290263523
1.59441607968649
0.341564119166144
0.729356493263806
0.313464683634961
2.12677901942713
1.05320745258655
1.21970059170502
1.42736592145741
0.546360492358038
0.834267400336638
1.15713091300346
1.46089814005457
1.50231453989827
1.4595824008414
1.11190633753245
0.354052696652949
1.65007833627908
1.34739999216952
1.09610296821298
1.00626647339416
1.17621073449597
0.856864696096792
0.584828469062235
0.845065504308885
0.879777701477953
0.977722901598386
1.22238502250993
1.78461178746281
0.721689111965775
1.12125582875691
0.72266727199904
0.511681828225147
1.01672089552838
0.555632421337972
0.719937952725378
1.11405954806794
0.571144217753304
1.10777771196094
1.26169785441868
1.38028720869219
1.37037469842779
0.859044779457519
1.08245897635179
1.23208441508913
0.803890220679725
0.645766028047125
1.35223610906155
0.860692906272105
0.926526346350753
0.325379855641968
1.36880965916557
1.1944006057874
1.05728843745588
0.962265896043806
1.60999019714357
0.52402752474618
1.73151666446685
0.682223239721766
1.11574326820045
1.50875442443334
1.14330879914266
0.298287113569204
1.44989508050181
0.865937611148814
1.13927513188151
1.11900377936716
0.578932115267074
1.57206301465522
1.04499159326845
0.926128354059899
0.669326006325851
1.23248884170744
0.191741300040034
1.72554373530752
1.47310917247535
1.07752628424198
1.06189968775269
0.682341706613376
0.950973652613408
0.562272838146488
1.36568440419853
1.0119012221443
1.50518571226637
0.711623615929684
1.04248723584114
0.844496700375278
0.531290279183454
0.585622252137154
0.977069480247722
1.32738986102031
0.582452980815785
1.1705829485652
1.25020217350939
0.741139812057586
0.695237550327078
1.52929540860803
0.628414417114657
1.05141020697741
0.383407313157048
1.55639609937508
0.590389439721993
1.42046263071624
0.573891918965702
0.896348443278637
1.20447830959992
1.06497549695459
0.712048934643916
1.15422146294724
0.768845996551325
1.55277361271549
0.931826452310361
1.09753401333133
0.945507747253766
0.634176773817372
0.678064938040142
0.951753783857413
0.837973390726067
1.32912346408625
0.978155118074266
0.917958914374121
1.07000876051875
1.47112550879352
1.30937407790483
1.38227513635881
1.39224173546983
1.12931080346628
0.732006198412142
1.01776974016039
1.38628841519014
0.874668083807451
1.07505238368198
1.54465946767266
0.946533406882723
1.14652639080998
0.894702006515701
0.677436770486954
0.640216020744663
1.63456741612153
1.12836219739426
1.06945923308626
0.990365044732817
0.333903075159534
0.655241957523201
2.02815978435168
1.22416032481021
1.06004874965792
0.669709117371246
1.50614397340793
1.13909075653201
1.12927709727517
1.18125221833562
0.822177637732366
0.858465324353182
0.542107176842168
1.193214655253
0.668569675709966
0.762391049571457
0.915598018757111
0.507478496860494
1.04116452898397
0.877505570561727
1.34581899773751
1.14065193128321
1.46881710363484
1.57863991263384
1.63253987869334
1.33468993517486
1.42930238748316
1.03508795009808
0.917940379582878
0.878448360569215
1.36580852447353
1.18137702328372
0.846799564580082
1.88247120246364
1.26830968361762
0.278732461788301
1.0854673064628
0.782973735464097
0.954780331078606
0.660193691199009
1.45913346999263
0.407576803494242
0.482323650532648
0.744371737390439
1.38528088471686
1.55721995190986
0.823476098725607
0.644935793770504
0.698789897353143
1.15311601181587
1.18803476620342
0.94994816476685
0.943264026602357
1.35137900354953
0.559894512413694
0.949901193301725
1.28383026151829
0.653230570816005
1.10116553849664
0.821063229815245
0.840790041463676
1.09306610877154
0.428325726380694
0.670329457192707
1.62934128522961
0.954956295301284
1.0975441982684
1.11214998121553
0.756385645170504
1.19513966024983
1.16160514579943
0.379900576177689
1.06237566075839
0.791986669049616
1.35653249994055
1.05549830652078
0.687658335340725
1.03412931297901
0.739626803519893
0.717894724105797
1.18108785107071
0.824024357136769
0.505093618364831
0.639133364389439
1.1117180248577
0.92736980830959
0.985573155092957
0.909419359786912
1.18659796928911
1.21328459577235
0.933979464679863
0.816220491092383
0.654289520839533
0.794771456311277
0.986245398599211
0.873329109705503
0.866795613435592
0.521484555689615
0.538725428302396
1.64578569385566
0.96485773163769
0.811486106998576
0.61334678201914
0.647855680252674
0.956277670957025
1.08173300859531
1.57196356503902
1.50662946758
0.234505708450759
1.13553969300738
0.700458836728905
1.30022502515317
1.68703783881795
1.02801344181328
1.08956838683526
1.02375204176668
0.731351514993946
0.781035593731665
1.12393784378549
1.17238802007863
0.373722449953473
1.00647643374444
0.179023567199822
0.592021283259739
1.46305788345258
0.674572073826249
1.21876198919471
0.943712633776032
0.892315961898915
0.87870379595892
0.733182138606066
0.584039628904455
0.595620395539994
0.758981907815004
1.29430867144938
1.07756504959785
0.513587680550116
0.699834550029135
1.33817815021981
1.05421708088681
0.977772583333369
0.374112104695728
0.381211026750432
0.753735442314059
1.06626089621214
0.384618730964869
0.970124069670457
0.945490708126714
0.857214741713456
0.733566098255437
0.979408171989872
0.605078472879481
0.978004792858824
0.767387939274209
1.0570300407039
1.14922246203349
1.78380350921341
1.00498511993917
1.30075139431255
0.113464295882221
0.953630245592072
1.29441708653688
1.26327435503792
0.0181537252958209
-0.0660252023490038
0.829591862645948
0.956071844159725
1.18476345597367
1.04127519944401
1.34644270587426
1.74618164270926
0.899753785054619
1.3033806667447
1.18703637948924
0.969426325494865
1.10011458866173
1.05279945649447
0.567603247608585
1.73515745622928
0.914138897561943
0.558373779022221
0.391345078941368
1.24596449973344
0.829573930016132
0.800854517008011
1.22754440447889
0.666181848841486
1.17995467193923
1.334422683767
1.42638914568009
1.59292735610734
0.673203928421408
1.18156546136078
0.392332891060294
1.47329200660911
1.121411894272
0.668260689646577
0.626650802703406
1.85325608041736
1.03222981824573
1.0432476968226
1.41801640512403
1.55920297489317
1.07084266980487
1.38763819743556
1.18669588307226
0.983686712682337
0.478819076268486
0.638204384972297
0.997475500434103
1.17648699991499
1.02832127782102
1.10619340856732
1.07661722208677
1.57564521239311
1.07514851806205
0.962608181640874
0.762807003305076
0.814136941603337
1.13925409958753
0.674587999595246
1.55664821755977
0.952017787587271
1.062289231944
1.15750211529892
1.21899429227211
0.719504732026246
1.02521999754725
0.897382254342172
1.10441343969397
1.01656315261961
0.833633562971646
0.756762649663616
1.40963040748309
0.980350162087284
0.808062174937877
0.957987480824749
0.37616523754013
0.567117369809437
0.840987654017398
0.89213622731464
1.44782819501618
1.02924886477233
0.858782645823427
0.967235160624895
0.925922656420601
0.927912627208256
0.931725375562029
1.00433774037353
0.869811813830416
1.11995753054097
1.26121577611979
1.09820383077503
0.798272109487506
0.871570142069042
1.20501295387575
1.02791114144156
1.40318035761011
1.12671973242974
0.851558011436317
1.14156064329998
0.784578719467766
0.983797174236384
1.49139244749853
1.31838151927682
0.930579174009207
1.02183063141502
1.65689745164246
1.02969025227435
0.929254487174609
0.972637474993706
1.13077045470359
0.714835510206135
1.23189857283935
1.28699552673689
0.367210682478665
0.916531719394291
0.835469011430867
1.4133906658445
1.04638834652209
0.520414735096663
0.939798110058024
0.637165430476797
0.456118440149462
1.22895393578155
0.487106265573078
1.17709580263755
0.63139961307821
0.6382090273081
0.522341471413717
0.935275753681903
0.873805070172368
1.57493189322449
1.21337917439598
1.44668667955109
0.216870170200673
1.07923680385881
1.05892491893068
0.910070053308659
0.967271885891367
1.13250560736242
0.934502608878663
1.17902638240903
0.889506556891966
0.778592568637238
1.31316457126212
1.41999970714929
1.3889604722597
1.04803281246459
1.46696074829212
0.701091175695654
1.15244506232918
1.64151009060876
1.61927059901883
0.979325786377897
1.74295091030994
1.45930866998029
1.13681241470489
0.878571910994678
1.08813220808715
1.51554053887554
1.40537752067264
1.12069498132759
1.36139504112865
0.824795934770941
1.22026283379525
1.31189264171915
0.639887445304164
0.713481708083716
1.07386107566891
1.15511499262566
0.614696159803694
1.20940185037678
0.666105106478292
1.41921805732378
0.826401202807317
1.5667725724832
0.550386262069373
1.17434174016232
0.816550520003027
0.816083572294293
1.44270482010437
1.59724773422657
0.742740778934397
1.00736423135425
0.933970963990803
0.165288360732808
1.12363096210484
1.14047996697247
1.3771344923016
